Частота,A * B
(kГц),(?)

0.00000000,0.00613005
0.02384186,0.00270673
0.04768372,0.00055899
0.07152557,0.00003236
0.09536743,0.00001949
0.11920929,0.00002231
0.14305115,0.00003550
0.16689301,0.00004312
0.19073486,0.00001283
0.21457672,0.00005828
0.23841858,0.00007702
0.26226044,0.00007742
0.28610229,0.00007538
0.30994415,0.00008151
0.33378601,0.00010377
0.35762787,0.00007449
0.38146973,0.00008295
0.40531158,0.00009262
0.42915344,0.00005754
0.45299530,0.00006422
0.47683716,0.00010087
0.50067902,0.00010258
0.52452087,0.00007058
0.54836273,0.00003704
0.57220459,0.00001797
0.59604645,0.00003268
0.61988831,0.00002785
0.64373016,0.00005699
0.66757202,0.00007563
0.69141388,0.00003346
0.71525574,0.00003951
0.73909760,0.00006955
0.76293945,0.00005622
0.78678131,0.00007187
0.81062317,0.00006615
0.83446503,0.00007178
0.85830688,0.00002339
0.88214874,0.00001137
0.90599060,0.00003096
0.92983246,0.00001178
0.95367432,0.00712949
0.97751617,0.04055760
1.00135803,0.06416888
1.02519989,0.03598393
1.04904175,0.00525436
1.07288361,0.00003413
1.09672546,0.00001096
1.12056732,0.00001139
1.14440918,0.00003290
1.16825104,0.00009272
1.19209290,0.00007116
1.21593475,0.00001297
1.23977661,0.00001751
1.26361847,0.00003001
1.28746033,0.00003533
1.31130219,0.00003879
1.33514404,0.00005302
1.35898590,0.00004515
1.38282776,0.00003164
1.40666962,0.00002030
1.43051147,0.00002445
1.45435333,0.00003731
1.47819519,0.00007902
1.50203705,0.00006407
1.52587891,0.00002144
1.54972076,0.00001904
1.57356262,0.00003650
1.59740448,0.00004695
1.62124634,0.00004646
1.64508820,0.00003690
1.66893005,0.00001145
1.69277191,0.00003754
1.71661377,0.00001599
1.74045563,0.00001708
1.76429749,0.00002909
1.78813934,0.00005742
1.81198120,0.00002458
1.83582306,0.00000802
1.85966492,0.00003954
1.88350677,0.00005830
1.90734863,0.00007231
1.93119049,0.00003873
1.95503235,0.00005806
1.97887421,0.00024457
2.00271606,0.00037014
2.02655792,0.00022373
2.05039978,0.00005880
2.07424164,0.00001794
2.09808350,0.00003705
2.12192535,0.00003956
2.14576721,0.00002061
2.16960907,0.00000532
2.19345093,0.00002447
2.21729279,0.00003190
2.24113464,0.00001729
2.26497650,0.00006370
2.28881836,0.00007528
2.31266022,0.00009141
2.33650208,0.00013270
2.36034393,0.00012570
2.38418579,0.00006553
2.40802765,0.00002669
2.43186951,0.00000658
2.45571136,0.00002121
2.47955322,0.00005299
2.50339508,0.00007142
2.52723694,0.00007910
2.55107880,0.00004350
2.57492065,0.00004421
2.59876251,0.00005040
2.62260437,0.00001730
2.64644623,0.00003548
2.67028809,0.00004654
2.69412994,0.00004604
2.71797180,0.00002881
2.74181366,0.00004242
2.76565552,0.00004712
2.78949738,0.00006117
2.81333923,0.00005959
2.83718109,0.00002943
2.86102295,0.00004538
2.88486481,0.00006931
2.90870667,0.00002427
2.93254852,0.00003717
2.95639038,0.00026891
2.98023224,0.00124964
3.00407410,0.00176130
3.02791595,0.00086639
3.05175781,0.00009906
3.07559967,0.00001419
3.09944153,0.00001687
3.12328339,0.00002792
3.14712524,0.00003664
3.17096710,0.00002074
3.19480896,0.00002821
3.21865082,0.00005546
3.24249268,0.00002961
3.26633453,0.00005889
3.29017639,0.00009735
3.31401825,0.00005887
3.33786011,0.00001353
3.36170197,0.00001947
3.38554382,0.00004654
3.40938568,0.00006003
3.43322754,0.00003004
3.45706940,0.00001521
3.48091125,0.00002093
3.50475311,0.00002560
3.52859497,0.00004025
3.55243683,0.00006749
3.57627869,0.00005800
3.60012054,0.00002809
3.62396240,0.00003526
3.64780426,0.00001297
3.67164612,0.00001069
3.69548798,0.00001169
3.71932983,0.00003003
3.74317169,0.00001710
3.76701355,0.00001982
3.79085541,0.00004296
3.81469727,0.00006720
3.83853912,0.00005970
3.86238098,0.00003813
3.88622284,0.00002994
3.91006470,0.00007301
3.93390656,0.00007972
3.95774841,0.00002156
3.98159027,0.00006593
4.00543213,0.00005824
4.02927399,0.00004279
4.05311584,0.00003711
4.07695770,0.00004922
4.10079956,0.00005171
4.12464142,0.00005114
4.14848328,0.00004840
4.17232513,0.00003337
4.19616699,0.00000791
4.22000885,0.00003888
4.24385071,0.00004173
4.26769257,0.00003242
4.29153442,0.00001987
4.31537628,0.00004356
4.33921814,0.00005978
4.36306000,0.00004656
4.38690186,0.00000708
4.41074371,0.00000779
4.43458557,0.00000599
4.45842743,0.00001111
4.48226929,0.00002726
4.50611115,0.00001760
4.52995300,0.00001131
4.55379486,0.00003744
4.57763672,0.00005334
4.60147858,0.00004851
4.62532043,0.00001774
4.64916229,0.00009245
4.67300415,0.00006318
4.69684601,0.00002955
4.72068787,0.00004406
4.74452972,0.00002048
4.76837158,0.00000622
4.79221344,0.00003201
4.81605530,0.00006387
4.83989716,0.00005769
4.86373901,0.00002965
4.88758087,0.00003919
4.91142273,0.00004465
4.93526459,0.00009296
4.95910645,0.00012069
4.98294830,0.00008599
5.00679016,0.00006924
5.03063202,0.00005156
5.05447388,0.00002744
5.07831573,0.00003035
5.10215759,0.00004495
5.12599945,0.00002616
5.14984131,0.00001289
5.17368317,0.00002905
5.19752502,0.00004383
5.22136688,0.00004143
5.24520874,0.00002595
5.26905060,0.00000468
5.29289246,0.00001671
5.31673431,0.00005171
5.34057617,0.00005633
5.36441803,0.00005522
5.38825989,0.00002772
5.41210175,0.00005436
5.43594360,0.00006316
5.45978546,0.00010684
5.48362732,0.00008941
5.50746918,0.00006725
5.53131104,0.00006857
5.55515289,0.00003078
5.57899475,0.00002318
5.60283661,0.00002601
5.62667847,0.00002786
5.65052032,0.00003606
5.67436218,0.00004088
5.69820404,0.00004262
5.72204590,0.00004292
5.74588776,0.00001159
5.76972961,0.00004188
5.79357147,0.00003497
5.81741333,0.00003634
5.84125519,0.00002970
5.86509705,0.00000749
5.88893890,0.00002641
5.91278076,0.00004070
5.93662262,0.00002805
5.96046448,0.00002246
5.98430634,0.00004573
6.00814819,0.00007319
6.03199005,0.00007440
6.05583191,0.00004524
6.07967377,0.00002852
6.10351563,0.00002881
6.12735748,0.00001209
6.15119934,0.00002607
6.17504120,0.00003470
6.19888306,0.00000889
6.22272491,0.00002703
6.24656677,0.00002951
6.27040863,0.00001603
6.29425049,0.00002931
6.31809235,0.00004605
6.34193420,0.00007048
6.36577606,0.00009607
6.38961792,0.00007189
6.41345978,0.00003193
6.43730164,0.00006316
6.46114349,0.00005047
6.48498535,0.00002460
6.50882721,0.00004660
6.53266907,0.00002280
6.55651093,0.00003397
6.58035278,0.00003591
6.60419464,0.00005890
6.62803650,0.00006672
6.65187836,0.00006745
6.67572021,0.00006613
6.69956207,0.00001061
6.72340393,0.00008825
6.74724579,0.00010207
6.77108765,0.00004538
6.79492950,0.00005663
6.81877136,0.00006013
6.84261322,0.00002816
6.86645508,0.00000441
6.89029694,0.00001796
6.91413879,0.00001149
6.93798065,0.00002083
6.96182251,0.00003050
6.98566437,0.00001483
7.00950623,0.00007103
7.03334808,0.00008373
7.05718994,0.00001872
7.08103180,0.00006337
7.10487366,0.00007663
7.12871552,0.00007118
7.15255737,0.00007336
7.17639923,0.00006121
7.20024109,0.00005200
7.22408295,0.00006148
7.24792480,0.00003104
7.27176666,0.00003118
7.29560852,0.00004360
7.31945038,0.00004077
7.34329224,0.00001787
7.36713409,0.00000086
7.39097595,0.00000832
7.41481781,0.00000772
7.43865967,0.00001423
7.46250153,0.00003374
7.48634338,0.00002921
7.51018524,0.00004011
7.53402710,0.00009603
7.55786896,0.00010330
7.58171082,0.00003943
7.60555267,0.00003219
7.62939453,0.00005631
7.65323639,0.00006031
7.67707825,0.00006422
7.70092010,0.00004257
7.72476196,0.00001211
7.74860382,0.00004776
7.77244568,0.00004608
7.79628754,0.00002005
7.82012939,0.00003947
7.84397125,0.00006908
7.86781311,0.00005579
7.89165497,0.00003157
7.91549683,0.00003213
7.93933868,0.00002885
7.96318054,0.00002243
7.98702240,0.00002286
8.01086426,0.00004755
8.03470612,0.00002078
8.05854797,0.00004685
8.08238983,0.00003284
8.10623169,0.00001437
8.13007355,0.00004995
8.15391541,0.00003477
8.17775726,0.00002525
8.20159912,0.00001717
8.22544098,0.00005044
8.24928284,0.00005653
8.27312469,0.00001395
8.29696655,0.00003446
8.32080841,0.00001171
8.34465027,0.00001268
8.36849213,0.00004254
8.39233398,0.00006252
8.41617584,0.00005329
8.44001770,0.00000759
8.46385956,0.00002945
8.48770142,0.00000841
8.51154327,0.00004464
8.53538513,0.00008012
8.55922699,0.00010520
8.58306885,0.00013308
8.60691071,0.00008851
8.63075256,0.00003324
8.65459442,0.00001061
8.67843628,0.00004135
8.70227814,0.00003194
8.72612000,0.00003086
8.74996185,0.00004981
8.77380371,0.00002638
8.79764557,0.00003818
8.82148743,0.00005948
8.84532928,0.00002991
8.86917114,0.00004288
8.89301300,0.00002083
8.91685486,0.00003850
8.94069672,0.00004177
8.96453857,0.00002408
8.98838043,0.00004075
9.01222229,0.00007966
9.03606415,0.00008972
9.05990601,0.00005572
9.08374786,0.00002532
9.10758972,0.00001903
9.13143158,0.00002794
9.15527344,0.00004094
9.17911530,0.00003659
9.20295715,0.00001599
9.22679901,0.00001955
9.25064087,0.00009312
9.27448273,0.00010548
9.29832458,0.00003851
9.32216644,0.00003561
9.34600830,0.00002162
9.36985016,0.00001538
9.39369202,0.00003724
9.41753387,0.00000565
9.44137573,0.00004689
9.46521759,0.00008103
9.48905945,0.00005621
9.51290131,0.00004674
9.53674316,0.00007066
9.56058502,0.00005208
9.58442688,0.00003679
9.60826874,0.00001900
9.63211060,0.00002215
9.65595245,0.00004171
9.67979431,0.00005555
9.70363617,0.00006022
9.72747803,0.00004965
9.75131989,0.00002995
9.77516174,0.00002898
9.79900360,0.00002745
9.82284546,0.00002823
9.84668732,0.00004744
9.87052917,0.00005413
9.89437103,0.00007219
9.91821289,0.00007319
9.94205475,0.00004372
9.96589661,0.00003765
9.98973846,0.00006730
10.01358032,0.00010483
10.03742218,0.00009697
10.06126404,0.00006247
10.08510590,0.00004851
10.10894775,0.00005047
10.13278961,0.00004421
10.15663147,0.00001659
10.18047333,0.00003015
10.20431519,0.00004010
10.22815704,0.00003925
10.25199890,0.00004602
10.27584076,0.00003350
10.29968262,0.00007178
10.32352448,0.00009200
10.34736633,0.00007072
10.37120819,0.00005098
10.39505005,0.00002472
10.41889191,0.00004805
10.44273376,0.00007314
10.46657562,0.00007986
10.49041748,0.00007715
10.51425934,0.00007756
10.53810120,0.00007033
10.56194305,0.00007688
10.58578491,0.00008339
10.60962677,0.00005732
10.63346863,0.00002019
10.65731049,0.00001165
10.68115234,0.00001759
10.70499420,0.00002252
10.72883606,0.00002133
10.75267792,0.00004057
10.77651978,0.00002149
10.80036163,0.00002207
10.82420349,0.00002508
10.84804535,0.00002215
10.87188721,0.00002026
10.89572906,0.00003143
10.91957092,0.00006096
10.94341278,0.00004874
10.96725464,0.00003617
10.99109650,0.00003642
11.01493835,0.00002169
11.03878021,0.00002960
11.06262207,0.00005836
11.08646393,0.00003788
11.11030579,0.00000363
11.13414764,0.00002311
11.15798950,0.00003292
11.18183136,0.00004963
11.20567322,0.00003578
11.22951508,0.00002887
11.25335693,0.00007410
11.27719879,0.00008496
11.30104065,0.00007644
11.32488251,0.00006609
11.34872437,0.00003821
11.37256622,0.00003072
11.39640808,0.00001620
11.42024994,0.00002870
11.44409180,0.00007753
11.46793365,0.00010256
11.49177551,0.00007416
11.51561737,0.00003474
11.53945923,0.00002133
11.56330109,0.00004613
11.58714294,0.00004276
11.61098480,0.00004448
11.63482666,0.00002856
11.65866852,0.00005407
11.68251038,0.00005391
11.70635223,0.00003879
11.73019409,0.00005236
11.75403595,0.00002216
11.77787781,0.00003934
11.80171967,0.00006339
11.82556152,0.00005021
11.84940338,0.00003249
11.87324524,0.00007103
11.89708710,0.00006475
11.92092896,0.00002025
11.94477081,0.00004675
11.96861267,0.00007790
11.99245453,0.00008486
12.01629639,0.00006618
12.04013824,0.00002706
12.06398010,0.00002988
12.08782196,0.00004972
12.11166382,0.00003186
12.13550568,0.00003271
12.15934753,0.00004917
12.18318939,0.00003162
12.20703125,0.00002853
12.23087311,0.00003106
12.25471497,0.00003374
12.27855682,0.00002625
12.30239868,0.00001768
12.32624054,0.00004952
12.35008240,0.00007398
12.37392426,0.00004751
12.39776611,0.00003179
12.42160797,0.00003426
12.44544983,0.00001077
12.46929169,0.00003907
12.49313354,0.00006647
12.51697540,0.00004964
12.54081726,0.00002005
12.56465912,0.00004086
12.58850098,0.00004400
12.61234283,0.00005184
12.63618469,0.00006174
12.66002655,0.00006157
12.68386841,0.00005467
12.70771027,0.00005237
12.73155212,0.00002685
12.75539398,0.00002553
12.77923584,0.00005672
12.80307770,0.00007563
12.82691956,0.00005983
12.85076141,0.00004481
12.87460327,0.00006778
12.89844513,0.00004793
12.92228699,0.00008843
12.94612885,0.00007733
12.96997070,0.00004300
12.99381256,0.00005642
13.01765442,0.00007955
13.04149628,0.00006073
13.06533813,0.00001699
13.08917999,0.00002894
13.11302185,0.00003789
13.13686371,0.00003398
13.16070557,0.00000945
13.18454742,0.00000450
13.20838928,0.00002879
13.23223114,0.00006445
13.25607300,0.00008994
13.27991486,0.00009661
13.30375671,0.00007218
13.32759857,0.00003144
13.35144043,0.00000233
13.37528229,0.00002374
13.39912415,0.00003893
13.42296600,0.00001976
13.44680786,0.00005543
13.47064972,0.00008993
13.49449158,0.00004602
13.51833344,0.00001590
13.54217529,0.00003393
13.56601715,0.00002884
13.58985901,0.00001850
13.61370087,0.00002120
13.63754272,0.00004682
13.66138458,0.00004144
13.68522644,0.00003393
13.70906830,0.00005979
13.73291016,0.00002824
13.75675201,0.00001343
13.78059387,0.00002043
13.80443573,0.00002301
13.82827759,0.00005147
13.85211945,0.00009328
13.87596130,0.00005810
13.89980316,0.00001772
13.92364502,0.00005297
13.94748688,0.00005119
13.97132874,0.00001664
13.99517059,0.00001540
14.01901245,0.00001480
14.04285431,0.00002271
14.06669617,0.00003091
14.09053802,0.00001789
14.11437988,0.00002926
14.13822174,0.00002383
14.16206360,0.00002238
14.18590546,0.00005143
14.20974731,0.00009035
14.23358917,0.00012052
14.25743103,0.00011410
14.28127289,0.00008559
14.30511475,0.00005359
14.32895660,0.00003577
14.35279846,0.00003194
14.37664032,0.00004993
14.40048218,0.00007500
14.42432404,0.00008736
14.44816589,0.00006008
14.47200775,0.00001808
14.49584961,0.00003431
14.51969147,0.00005404
14.54353333,0.00000409
14.56737518,0.00006236
14.59121704,0.00005662
14.61505890,0.00001535
14.63890076,0.00005258
14.66274261,0.00004466
14.68658447,0.00008753
14.71042633,0.00013594
14.73426819,0.00011249
14.75811005,0.00006189
14.78195190,0.00003482
14.80579376,0.00002410
14.82963562,0.00002649
14.85347748,0.00002669
14.87731934,0.00002917
14.90116119,0.00005477
14.92500305,0.00008410
14.94884491,0.00008717
14.97268677,0.00006809
14.99652863,0.00005463
15.02037048,0.00004466
15.04421234,0.00004482
15.06805420,0.00004275
15.09189606,0.00004852
15.11573792,0.00001211
15.13957977,0.00002993
15.16342163,0.00003883
15.18726349,0.00003863
15.21110535,0.00008512
15.23494720,0.00009762
15.25878906,0.00009781
15.28263092,0.00006543
15.30647278,0.00002700
15.33031464,0.00005149
15.35415649,0.00005423
15.37799835,0.00007795
15.40184021,0.00007885
15.42568207,0.00005012
15.44952393,0.00007500
15.47336578,0.00008115
15.49720764,0.00006216
15.52104950,0.00008292
15.54489136,0.00008147
15.56873322,0.00010322
15.59257507,0.00008385
15.61641693,0.00005353
15.64025879,0.00005776
15.66410065,0.00004503
15.68794250,0.00005329
15.71178436,0.00007303
15.73562622,0.00005881
15.75946808,0.00003721
15.78330994,0.00002391
15.80715179,0.00007367
15.83099365,0.00007777
15.85483551,0.00002379
15.87867737,0.00003536
15.90251923,0.00004100
15.92636108,0.00003182
15.95020294,0.00002190
15.97404480,0.00002993
15.99788666,0.00004560
16.02172852,0.00000106
16.04557037,0.00004937
16.06941223,0.00005516
16.09325409,0.00008230
16.11709595,0.00010883
16.14093781,0.00009037
16.16477966,0.00005906
16.18862152,0.00005620
16.21246338,0.00004929
16.23630524,0.00002236
16.26014709,0.00003850
16.28398895,0.00005652
16.30783081,0.00005598
16.33167267,0.00009322
16.35551453,0.00009525
16.37935638,0.00005836
16.40319824,0.00007248
16.42704010,0.00008103
16.45088196,0.00002397
16.47472382,0.00002211
16.49856567,0.00000628
16.52240753,0.00002258
16.54624939,0.00002934
16.57009125,0.00002366
16.59393311,0.00003798
16.61777496,0.00004579
16.64161682,0.00003069
16.66545868,0.00002056
16.68930054,0.00001183
16.71314240,0.00002451
16.73698425,0.00005341
16.76082611,0.00008475
16.78466797,0.00009013
16.80850983,0.00008445
16.83235168,0.00008212
16.85619354,0.00006037
16.88003540,0.00002694
16.90387726,0.00000766
16.92771912,0.00000623
16.95156097,0.00001947
16.97540283,0.00001329
16.99924469,0.00002794
17.02308655,0.00001373
17.04692841,0.00004817
17.07077026,0.00009810
17.09461212,0.00010155
17.11845398,0.00008794
17.14229584,0.00008231
17.16613770,0.00009885
17.18997955,0.00013529
17.21382141,0.00012144
17.23766327,0.00007229
17.26150513,0.00004102
17.28534698,0.00004272
17.30918884,0.00005542
17.33303070,0.00005080
17.35687256,0.00005386
17.38071442,0.00005160
17.40455627,0.00005114
17.42839813,0.00001348
17.45223999,0.00007837
17.47608185,0.00005596
17.49992371,0.00003914
17.52376556,0.00005017
17.54760742,0.00007399
17.57144928,0.00008515
17.59529114,0.00006319
17.61913300,0.00009108
17.64297485,0.00008822
17.66681671,0.00005464
17.69065857,0.00005091
17.71450043,0.00006815
17.73834229,0.00013729
17.76218414,0.00009147
17.78602600,0.00000433
17.80986786,0.00002492
17.83370972,0.00000788
17.85755157,0.00003780
17.88139343,0.00004576
17.90523529,0.00006981
17.92907715,0.00006591
17.95291901,0.00005260
17.97676086,0.00006193
18.00060272,0.00005528
18.02444458,0.00002920
18.04828644,0.00003059
18.07212830,0.00006076
18.09597015,0.00007290
18.11981201,0.00004980
18.14365387,0.00003920
18.16749573,0.00004394
18.19133759,0.00005309
18.21517944,0.00004703
18.23902130,0.00004426
18.26286316,0.00005781
18.28670502,0.00008418
18.31054688,0.00007639
18.33438873,0.00003533
18.35823059,0.00004138
18.38207245,0.00004726
18.40591431,0.00004555
18.42975616,0.00006843
18.45359802,0.00005434
18.47743988,0.00002830
18.50128174,0.00005559
18.52512360,0.00006239
18.54896545,0.00006838
18.57280731,0.00006903
18.59664917,0.00005014
18.62049103,0.00003335
18.64433289,0.00001814
18.66817474,0.00004362
18.69201660,0.00003083
18.71585846,0.00008112
18.73970032,0.00006688
18.76354218,0.00004036
18.78738403,0.00006529
18.81122589,0.00007655
18.83506775,0.00004061
18.85890961,0.00009186
18.88275146,0.00011644
18.90659332,0.00004527
18.93043518,0.00004039
18.95427704,0.00005815
18.97811890,0.00004014
19.00196075,0.00002592
19.02580261,0.00003700
19.04964447,0.00001689
19.07348633,0.00003128
19.09732819,0.00004895
19.12117004,0.00002470
19.14501190,0.00004816
19.16885376,0.00002796
19.19269562,0.00002365
19.21653748,0.00005707
19.24037933,0.00006138
19.26422119,0.00004396
19.28806305,0.00002851
19.31190491,0.00004116
19.33574677,0.00003168
19.35958862,0.00001340
19.38343048,0.00002108
19.40727234,0.00007613
19.43111420,0.00006203
19.45495605,0.00003567
19.47879791,0.00004183
19.50263977,0.00006328
19.52648163,0.00001901
19.55032349,0.00005960
19.57416534,0.00008016
19.59800720,0.00006887
19.62184906,0.00004461
19.64569092,0.00002562
19.66953278,0.00001162
19.69337463,0.00005303
19.71721649,0.00004530
19.74105835,0.00002578
19.76490021,0.00003271
19.78874207,0.00002217
19.81258392,0.00002674
19.83642578,0.00003360
19.86026764,0.00000375
19.88410950,0.00004836
19.90795135,0.00006530
19.93179321,0.00005497
19.95563507,0.00004498
19.97947693,0.00004120
20.00331879,0.00002336
20.02716064,0.00004251
20.05100250,0.00010486
20.07484436,0.00010138
20.09868622,0.00006742
20.12252808,0.00007416
20.14636993,0.00004670
20.17021179,0.00004772
20.19405365,0.00007085
20.21789551,0.00005671
20.24173737,0.00003051
20.26557922,0.00006184
20.28942108,0.00007857
20.31326294,0.00008441
20.33710480,0.00009072
20.36094666,0.00005063
20.38478851,0.00002584
20.40863037,0.00004747
20.43247223,0.00005615
20.45631409,0.00005463
20.48015594,0.00004805
20.50399780,0.00002847
20.52783966,0.00002093
20.55168152,0.00002373
20.57552338,0.00002266
20.59936523,0.00004183
20.62320709,0.00006037
20.64704895,0.00007395
20.67089081,0.00009444
20.69473267,0.00008459
20.71857452,0.00002134
20.74241638,0.00001496
20.76625824,0.00002750
20.79010010,0.00003640
20.81394196,0.00006627
20.83778381,0.00009533
20.86162567,0.00009520
20.88546753,0.00009686
20.90930939,0.00009792
20.93315125,0.00005236
20.95699310,0.00004975
20.98083496,0.00004355
21.00467682,0.00005316
21.02851868,0.00006677
21.05236053,0.00004508
21.07620239,0.00002523
21.10004425,0.00003430
21.12388611,0.00006509
21.14772797,0.00001776
21.17156982,0.00005429
21.19541168,0.00004213
21.21925354,0.00002541
21.24309540,0.00005371
21.26693726,0.00005730
21.29077911,0.00007549
21.31462097,0.00007522
21.33846283,0.00003907
21.36230469,0.00004008
21.38614655,0.00005554
21.40998840,0.00006904
21.43383026,0.00005818
21.45767212,0.00002667
21.48151398,0.00002368
21.50535583,0.00001274
21.52919769,0.00003293
21.55303955,0.00006154
21.57688141,0.00005717
21.60072327,0.00002563
21.62456512,0.00007213
21.64840698,0.00007829
21.67224884,0.00004394
21.69609070,0.00002005
21.71993256,0.00002085
21.74377441,0.00001684
21.76761627,0.00000880
21.79145813,0.00002969
21.81529999,0.00004253
21.83914185,0.00004384
21.86298370,0.00001441
21.88682556,0.00003268
21.91066742,0.00004963
21.93450928,0.00007909
21.95835114,0.00003243
21.98219299,0.00007159
22.00603485,0.00004892
22.02987671,0.00001347
22.05371857,0.00001944
22.07756042,0.00003545
22.10140228,0.00004619
22.12524414,0.00007822
22.14908600,0.00004529
22.17292786,0.00002648
22.19676971,0.00004641
22.22061157,0.00007355
22.24445343,0.00007226
22.26829529,0.00005269
22.29213715,0.00001037
22.31597900,0.00003033
22.33982086,0.00002296
22.36366272,0.00001774
22.38750458,0.00005564
22.41134644,0.00009825
22.43518829,0.00010262
22.45903015,0.00007290
22.48287201,0.00005944
22.50671387,0.00008211
22.53055573,0.00008064
22.55439758,0.00006083
22.57823944,0.00002965
22.60208130,0.00001562
22.62592316,0.00003146
22.64976501,0.00003877
22.67360687,0.00001407
22.69744873,0.00004901
22.72129059,0.00007326
22.74513245,0.00007330
22.76897430,0.00005669
22.79281616,0.00004015
22.81665802,0.00002881
22.84049988,0.00006458
22.86434174,0.00008583
22.88818359,0.00007331
22.91202545,0.00003699
22.93586731,0.00003025
22.95970917,0.00003276
22.98355103,0.00004601
23.00739288,0.00007652
23.03123474,0.00007581
23.05507660,0.00002398
23.07891846,0.00004079
23.10276031,0.00005415
23.12660217,0.00006323
23.15044403,0.00001404
23.17428589,0.00007652
23.19812775,0.00021828
23.22196960,0.00024672
23.24581146,0.00010564
23.26965332,0.00002876
23.29349518,0.00006368
23.31733704,0.00010348
23.34117889,0.00009834
23.36502075,0.00006489
23.38886261,0.00004160
23.41270447,0.00004408
23.43654633,0.00007371
23.46038818,0.00004663
23.48423004,0.00008209
23.50807190,0.00013679
23.53191376,0.00012956
23.55575562,0.00008841
23.57959747,0.00006847
23.60343933,0.00004712
23.62728119,0.00000558
23.65112305,0.00005568
23.67496490,0.00007276
23.69880676,0.00003894
23.72264862,0.00004576
23.74649048,0.00008882
23.77033234,0.00007190
23.79417419,0.00004298
23.81801605,0.00006142
23.84185791,0.00005487
23.86569977,0.00002749
23.88954163,0.00001584
23.91338348,0.00004335
23.93722534,0.00005968
23.96106720,0.00008567
23.98490906,0.00013254
24.00875092,0.00014293
24.03259277,0.00008732
24.05643463,0.00005762
24.08027649,0.00007375
24.10411835,0.00007166
24.12796021,0.00009601
24.15180206,0.00007829
24.17564392,0.00005413
24.19948578,0.00009975
24.22332764,0.00010314
24.24716949,0.00008229
24.27101135,0.00004188
24.29485321,0.00002236
24.31869507,0.00003735
24.34253693,0.00006287
24.36637878,0.00003899
24.39022064,0.00003290
24.41406250,0.00008957
24.43790436,0.00012135
24.46174622,0.00008601
24.48558807,0.00005065
24.50942993,0.00006781
24.53327179,0.00009390
24.55711365,0.00010600
24.58095551,0.00009747
24.60479736,0.00006064
24.62863922,0.00003562
24.65248108,0.00006973
24.67632294,0.00006426
24.70016479,0.00005412
24.72400665,0.00004032
24.74784851,0.00004223
24.77169037,0.00005266
24.79553223,0.00003138
24.81937408,0.00003485
24.84321594,0.00006106
24.86705780,0.00008155
24.89089966,0.00005601
24.91474152,0.00005706
24.93858337,0.00015371
24.96242523,0.00030044
24.98626709,0.00063519
25.01010895,0.00062210
25.03395081,0.00016695
25.05779266,0.00008990
25.08163452,0.00005019
25.10547638,0.00008582
25.12931824,0.00008401
25.15316010,0.00001362
25.17700195,0.00002261
25.20084381,0.00003747
25.22468567,0.00003235
25.24852753,0.00004532
25.27236938,0.00003349
25.29621124,0.00003408
25.32005310,0.00004356
25.34389496,0.00005796
25.36773682,0.00003864
25.39157867,0.00007314
25.41542053,0.00011761
25.43926239,0.00010709
25.46310425,0.00004635
25.48694611,0.00003228
25.51078796,0.00006091
25.53462982,0.00007806
25.55847168,0.00006796
25.58231354,0.00003848
25.60615540,0.00005112
25.62999725,0.00008055
25.65383911,0.00009781
25.67768097,0.00007374
25.70152283,0.00000977
25.72536469,0.00006109
25.74920654,0.00006437
25.77304840,0.00008252
25.79689026,0.00007120
25.82073212,0.00002821
25.84457397,0.00005205
25.86841583,0.00006729
25.89225769,0.00006200
25.91609955,0.00004040
25.93994141,0.00000524
25.96378326,0.00003976
25.98762512,0.00013817
26.01146698,0.00016178
26.03530884,0.00008474
26.05915070,0.00003559
26.08299255,0.00003669
26.10683441,0.00004322
26.13067627,0.00003751
26.15451813,0.00004243
26.17835999,0.00001186
26.20220184,0.00008431
26.22604370,0.00013285
26.24988556,0.00009946
26.27372742,0.00006294
26.29756927,0.00006165
26.32141113,0.00007513
26.34525299,0.00007918
26.36909485,0.00005083
26.39293671,0.00001725
26.41677856,0.00003546
26.44062042,0.00001603
26.46446228,0.00003090
26.48830414,0.00003772
26.51214600,0.00004126
26.53598785,0.00010712
26.55982971,0.00010094
26.58367157,0.00004397
26.60751343,0.00003662
26.63135529,0.00003151
26.65519714,0.00004963
26.67903900,0.00007433
26.70288086,0.00007008
26.72672272,0.00008589
26.75056458,0.00006439
26.77440643,0.00005168
26.79824829,0.00003251
26.82209015,0.00003255
26.84593201,0.00004015
26.86977386,0.00005247
26.89361572,0.00003995
26.91745758,0.00004281
26.94129944,0.00004681
26.96514130,0.00002554
26.98898315,0.00008733
27.01282501,0.00007094
27.03666687,0.00005727
27.06050873,0.00006834
27.08435059,0.00013089
27.10819244,0.00010995
27.13203430,0.00002291
27.15587616,0.00003573
27.17971802,0.00005709
27.20355988,0.00004163
27.22740173,0.00006482
27.25124359,0.00005211
27.27508545,0.00004327
27.29892731,0.00005379
27.32276917,0.00003650
27.34661102,0.00003500
27.37045288,0.00003446
27.39429474,0.00007522
27.41813660,0.00009223
27.44197845,0.00005311
27.46582031,0.00005448
27.48966217,0.00003747
27.51350403,0.00004123
27.53734589,0.00005375
27.56118774,0.00006973
27.58502960,0.00012405
27.60887146,0.00009964
27.63271332,0.00006754
27.65655518,0.00007346
27.68039703,0.00009501
27.70423889,0.00009974
27.72808075,0.00004883
27.75192261,0.00006328
27.77576447,0.00006241
27.79960632,0.00003447
27.82344818,0.00005811
27.84729004,0.00003229
27.87113190,0.00001657
27.89497375,0.00004221
27.91881561,0.00006538
27.94265747,0.00005074
27.96649933,0.00001376
27.99034119,0.00001903
28.01418304,0.00002338
28.03802490,0.00002914
28.06186676,0.00001952
28.08570862,0.00004658
28.10955048,0.00005944
28.13339233,0.00006324
28.15723419,0.00005427
28.18107605,0.00003932
28.20491791,0.00003724
28.22875977,0.00005716
28.25260162,0.00003247
28.27644348,0.00005561
28.30028534,0.00004568
28.32412720,0.00006060
28.34796906,0.00009385
28.37181091,0.00007137
28.39565277,0.00005107
28.41949463,0.00005331
28.44333649,0.00004904
28.46717834,0.00004752
28.49102020,0.00005831
28.51486206,0.00005711
28.53870392,0.00006119
28.56254578,0.00005031
28.58638763,0.00001463
28.61022949,0.00005058
28.63407135,0.00004320
28.65791321,0.00007284
28.68175507,0.00011713
28.70559692,0.00006966
28.72943878,0.00000338
28.75328064,0.00002251
28.77712250,0.00002338
28.80096436,0.00001574
28.82480621,0.00004865
28.84864807,0.00007367
28.87248993,0.00002797
28.89633179,0.00004134
28.92017365,0.00005542
28.94401550,0.00005381
28.96785736,0.00004937
28.99169922,0.00002982
29.01554108,0.00000465
29.03938293,0.00002909
29.06322479,0.00003973
29.08706665,0.00003022
29.11090851,0.00003024
29.13475037,0.00002326
29.15859222,0.00004282
29.18243408,0.00003793
29.20627594,0.00002675
29.23011780,0.00004958
29.25395966,0.00001376
29.27780151,0.00002547
29.30164337,0.00000213
29.32548523,0.00004601
29.34932709,0.00006889
29.37316895,0.00008284
29.39701080,0.00009474
29.42085266,0.00005662
29.44469452,0.00003480
29.46853638,0.00001802
29.49237823,0.00003823
29.51622009,0.00005696
29.54006195,0.00004502
29.56390381,0.00003407
29.58774567,0.00005440
29.61158752,0.00006339
29.63542938,0.00002906
29.65927124,0.00003467
29.68311310,0.00005028
29.70695496,0.00005066
29.73079681,0.00004674
29.75463867,0.00004275
29.77848053,0.00004275
29.80232239,0.00004231
29.82616425,0.00008320
29.85000610,0.00010774
29.87384796,0.00006321
29.89768982,0.00001880
29.92153168,0.00007124
29.94537354,0.00008448
29.96921539,0.00003836
29.99305725,0.00002700
30.01689911,0.00005436
30.04074097,0.00003477
30.06458282,0.00000671
30.08842468,0.00003615
30.11226654,0.00004301
30.13610840,0.00003500
30.15995026,0.00004518
30.18379211,0.00003435
30.20763397,0.00001249
30.23147583,0.00004588
30.25531769,0.00007497
30.27915955,0.00007825
30.30300140,0.00002899
30.32684326,0.00003156
30.35068512,0.00004760
30.37452698,0.00005835
30.39836884,0.00004449
30.42221069,0.00006079
30.44605255,0.00003614
30.46989441,0.00006092
30.49373627,0.00006446
30.51757813,0.00003282
30.54141998,0.00003892
30.56526184,0.00003986
30.58910370,0.00006269
30.61294556,0.00005323
30.63678741,0.00002552
30.66062927,0.00004647
30.68447113,0.00005221
30.70831299,0.00005484
30.73215485,0.00002980
30.75599670,0.00002993
30.77983856,0.00003133
30.80368042,0.00001036
30.82752228,0.00002518
30.85136414,0.00005427
30.87520599,0.00005527
30.89904785,0.00005266
30.92288971,0.00004854
30.94673157,0.00003617
30.97057343,0.00002855
30.99441528,0.00004658
31.01825714,0.00005335
31.04209900,0.00004749
31.06594086,0.00005570
31.08978271,0.00004902
31.11362457,0.00008150
31.13746643,0.00013101
31.16130829,0.00010463
31.18515015,0.00002753
31.20899200,0.00003075
31.23283386,0.00003732
31.25667572,0.00006363
31.28051758,0.00007736
31.30435944,0.00007788
31.32820129,0.00009874
31.35204315,0.00008947
31.37588501,0.00005350
31.39972687,0.00005856
31.42356873,0.00007179
31.44741058,0.00007151
31.47125244,0.00004309
31.49509430,0.00002414
31.51893616,0.00003317
31.54277802,0.00005088
31.56661987,0.00006220
31.59046173,0.00006175
31.61430359,0.00005757
31.63814545,0.00005783
31.66198730,0.00003949
31.68582916,0.00003991
31.70967102,0.00005065
31.73351288,0.00002928
31.75735474,0.00003091
31.78119659,0.00006507
31.80503845,0.00008582
31.82888031,0.00008695
31.85272217,0.00007293
31.87656403,0.00003735
31.90040588,0.00001029
31.92424774,0.00005879
31.94808960,0.00009071
31.97193146,0.00008671
31.99577332,0.00005693
32.01961517,0.00004040
32.04345703,0.00003445
32.06729889,0.00002869
32.09114075,0.00002289
32.11498260,0.00001234
32.13882446,0.00004470
32.16266632,0.00006862
32.18650818,0.00002759
32.21035004,0.00004657
32.23419189,0.00007082
32.25803375,0.00005675
32.28187561,0.00001997
32.30571747,0.00004880
32.32955933,0.00005404
32.35340118,0.00007346
32.37724304,0.00013075
32.40108490,0.00011308
32.42492676,0.00007837
32.44876862,0.00006604
32.47261047,0.00004536
32.49645233,0.00004078
32.52029419,0.00005298
32.54413605,0.00001044
32.56797791,0.00001951
32.59181976,0.00003350
32.61566162,0.00004401
32.63950348,0.00001100
32.66334534,0.00003792
32.68718719,0.00004457
32.71102905,0.00000898
32.73487091,0.00002631
32.75871277,0.00001942
32.78255463,0.00007159
32.80639648,0.00009172
32.83023834,0.00008621
32.85408020,0.00007631
32.87792206,0.00002302
32.90176392,0.00004256
32.92560577,0.00005754
32.94944763,0.00007954
32.97328949,0.00006269
32.99713135,0.00006318
33.02097321,0.00008158
33.04481506,0.00007125
33.06865692,0.00008347
33.09249878,0.00008329
33.11634064,0.00002876
33.14018250,0.00002410
33.16402435,0.00006026
33.18786621,0.00005993
33.21170807,0.00002781
33.23554993,0.00002676
33.25939178,0.00003185
33.28323364,0.00000233
33.30707550,0.00001601
33.33091736,0.00005973
33.35475922,0.00006880
33.37860107,0.00003417
33.40244293,0.00001281
33.42628479,0.00001581
33.45012665,0.00001324
33.47396851,0.00002128
33.49781036,0.00002677
33.52165222,0.00003059
33.54549408,0.00002034
33.56933594,0.00002080
33.59317780,0.00003282
33.61701965,0.00004614
33.64086151,0.00001644
33.66470337,0.00005571
33.68854523,0.00007462
33.71238708,0.00008430
33.73622894,0.00007716
33.76007080,0.00003968
33.78391266,0.00004540
33.80775452,0.00002392
33.83159637,0.00002556
33.85543823,0.00005128
33.87928009,0.00007725
33.90312195,0.00008523
33.92696381,0.00004089
33.95080566,0.00004175
33.97464752,0.00005394
33.99848938,0.00002281
34.02233124,0.00006212
34.04617310,0.00006195
34.07001495,0.00003672
34.09385681,0.00001829
34.11769867,0.00001994
34.14154053,0.00004660
34.16538239,0.00005139
34.18922424,0.00002180
34.21306610,0.00005016
34.23690796,0.00004347
34.26074982,0.00003150
34.28459167,0.00007739
34.30843353,0.00009290
34.33227539,0.00007770
34.35611725,0.00007093
34.37995911,0.00005656
34.40380096,0.00002209
34.42764282,0.00003871
34.45148468,0.00008975
34.47532654,0.00008263
34.49916840,0.00001820
34.52301025,0.00002558
34.54685211,0.00000788
34.57069397,0.00003435
34.59453583,0.00006783
34.61837769,0.00008588
34.64221954,0.00006327
34.66606140,0.00000747
34.68990326,0.00004007
34.71374512,0.00006717
34.73758698,0.00005705
34.76142883,0.00001357
34.78527069,0.00002001
34.80911255,0.00001505
34.83295441,0.00002257
34.85679626,0.00005566
34.88063812,0.00006444
34.90447998,0.00004593
34.92832184,0.00000920
34.95216370,0.00003037
34.97600555,0.00004543
34.99984741,0.00004738
35.02368927,0.00006400
35.04753113,0.00009946
35.07137299,0.00012180
35.09521484,0.00007557
35.11905670,0.00002430
35.14289856,0.00011350
35.16674042,0.00013003
35.19058228,0.00005171
35.21442413,0.00004423
35.23826599,0.00004078
35.26210785,0.00003860
35.28594971,0.00009669
35.30979156,0.00012335
35.33363342,0.00011128
35.35747528,0.00006716
35.38131714,0.00006084
35.40515900,0.00006377
35.42900085,0.00004197
35.45284271,0.00004601
35.47668457,0.00005606
35.50052643,0.00008761
35.52436829,0.00007271
35.54821014,0.00003709
35.57205200,0.00001077
35.59589386,0.00006105
35.61973572,0.00006001
35.64357758,0.00005071
35.66741943,0.00004067
35.69126129,0.00002206
35.71510315,0.00003554
35.73894501,0.00006831
35.76278687,0.00005815
35.78662872,0.00003698
35.81047058,0.00004860
35.83431244,0.00005020
35.85815430,0.00003862
35.88199615,0.00001921
35.90583801,0.00002689
35.92967987,0.00004551
35.95352173,0.00009762
35.97736359,0.00011559
36.00120544,0.00006539
36.02504730,0.00004766
36.04888916,0.00004388
36.07273102,0.00001622
36.09657288,0.00000236
36.12041473,0.00001838
36.14425659,0.00005104
36.16809845,0.00006213
36.19194031,0.00004701
36.21578217,0.00004202
36.23962402,0.00006635
36.26346588,0.00003129
36.28730774,0.00002709
36.31114960,0.00003118
36.33499146,0.00004012
36.35883331,0.00004688
36.38267517,0.00001260
36.40651703,0.00003717
36.43035889,0.00006224
36.45420074,0.00008491
36.47804260,0.00008065
36.50188446,0.00005228
36.52572632,0.00004933
36.54956818,0.00009166
36.57341003,0.00008397
36.59725189,0.00004318
36.62109375,0.00003127
36.64493561,0.00003124
36.66877747,0.00004148
36.69261932,0.00006723
36.71646118,0.00010374
36.74030304,0.00007938
36.76414490,0.00004973
36.78798676,0.00002274
36.81182861,0.00001077
36.83567047,0.00001050
36.85951233,0.00001874
36.88335419,0.00000652
36.90719604,0.00002233
36.93103790,0.00003718
36.95487976,0.00002601
36.97872162,0.00003117
37.00256348,0.00003058
37.02640533,0.00001144
37.05024719,0.00003537
37.07408905,0.00004134
37.09793091,0.00002679
37.12177277,0.00000847
37.14561462,0.00002015
37.16945648,0.00004291
37.19329834,0.00007182
37.21714020,0.00006514
37.24098206,0.00005301
37.26482391,0.00006120
37.28866577,0.00008211
37.31250763,0.00004330
37.33634949,0.00000601
37.36019135,0.00002546
37.38403320,0.00002845
37.40787506,0.00002417
37.43171692,0.00002583
37.45555878,0.00003328
37.47940063,0.00003495
37.50324249,0.00004686
37.52708435,0.00005612
37.55092621,0.00004981
37.57476807,0.00005999
37.59860992,0.00006501
37.62245178,0.00005546
37.64629364,0.00005048
37.67013550,0.00003833
37.69397736,0.00002226
37.71781921,0.00000911
37.74166107,0.00004184
37.76550293,0.00004678
37.78934479,0.00003915
37.81318665,0.00004879
37.83702850,0.00003773
37.86087036,0.00003011
37.88471222,0.00001403
37.90855408,0.00003004
37.93239594,0.00003150
37.95623779,0.00003636
37.98007965,0.00006189
38.00392151,0.00005565
38.02776337,0.00006441
38.05160522,0.00008437
38.07544708,0.00006235
38.09928894,0.00003197
38.12313080,0.00008043
38.14697266,0.00010210
38.17081451,0.00009087
38.19465637,0.00010401
38.21849823,0.00008759
38.24234009,0.00004900
38.26618195,0.00009230
38.29002380,0.00012264
38.31386566,0.00007575
38.33770752,0.00005910
38.36154938,0.00004684
38.38539124,0.00002939
38.40923309,0.00003834
38.43307495,0.00004996
38.45691681,0.00006063
38.48075867,0.00004523
38.50460052,0.00002328
38.52844238,0.00005982
38.55228424,0.00004324
38.57612610,0.00005357
38.59996796,0.00004173
38.62380981,0.00003571
38.64765167,0.00002810
38.67149353,0.00002569
38.69533539,0.00005030
38.71917725,0.00001892
38.74301910,0.00003661
38.76686096,0.00004687
38.79070282,0.00004811
38.81454468,0.00004190
38.83838654,0.00004802
38.86222839,0.00003113
38.88607025,0.00000403
38.90991211,0.00000264
38.93375397,0.00001550
38.95759583,0.00004148
38.98143768,0.00005207
39.00527954,0.00001185
39.02912140,0.00005144
39.05296326,0.00004226
39.07680511,0.00003509
39.10064697,0.00005472
39.12448883,0.00002621
39.14833069,0.00002558
39.17217255,0.00006000
39.19601440,0.00011082
39.21985626,0.00011091
39.24369812,0.00004661
39.26753998,0.00003310
39.29138184,0.00006829
39.31522369,0.00005241
39.33906555,0.00004630
39.36290741,0.00005718
39.38674927,0.00008943
39.41059113,0.00004782
39.43443298,0.00003683
39.45827484,0.00001657
39.48211670,0.00005236
39.50595856,0.00008594
39.52980042,0.00005702
39.55364227,0.00007392
39.57748413,0.00005131
39.60132599,0.00007994
39.62516785,0.00009132
39.64900970,0.00004090
39.67285156,0.00001829
39.69669342,0.00007294
39.72053528,0.00009063
39.74437714,0.00006695
39.76821899,0.00003865
39.79206085,0.00003211
39.81590271,0.00003024
39.83974457,0.00004269
39.86358643,0.00004101
39.88742828,0.00004501
39.91127014,0.00003919
39.93511200,0.00003153
39.95895386,0.00003644
39.98279572,0.00006229
40.00663757,0.00007795
40.03047943,0.00008960
40.05432129,0.00006332
40.07816315,0.00001861
40.10200500,0.00002588
40.12584686,0.00006337
40.14968872,0.00005481
40.17353058,0.00001563
40.19737244,0.00002652
40.22121429,0.00002880
40.24505615,0.00003273
40.26889801,0.00001763
40.29273987,0.00003169
40.31658173,0.00007998
40.34042358,0.00007824
40.36426544,0.00004878
40.38810730,0.00004473
40.41194916,0.00004754
40.43579102,0.00004877
40.45963287,0.00007189
40.48347473,0.00008179
40.50731659,0.00004025
40.53115845,0.00002281
40.55500031,0.00003833
40.57884216,0.00005662
40.60268402,0.00005783
40.62652588,0.00008242
40.65036774,0.00002647
40.67420959,0.00005803
40.69805145,0.00005068
40.72189331,0.00002131
40.74573517,0.00002423
40.76957703,0.00002656
40.79341888,0.00003366
40.81726074,0.00004511
40.84110260,0.00005776
40.86494446,0.00007169
40.88878632,0.00007440
40.91262817,0.00005426
40.93647003,0.00006538
40.96031189,0.00006328
40.98415375,0.00004953
41.00799561,0.00003786
41.03183746,0.00003941
41.05567932,0.00004261
41.07952118,0.00002490
41.10336304,0.00001263
41.12720490,0.00003740
41.15104675,0.00004497
41.17488861,0.00003797
41.19873047,0.00003811
41.22257233,0.00002712
41.24641418,0.00002438
41.27025604,0.00006736
41.29409790,0.00004743
41.31793976,0.00000244
41.34178162,0.00001847
41.36562347,0.00001539
41.38946533,0.00006360
41.41330719,0.00011289
41.43714905,0.00009445
41.46099091,0.00005899
41.48483276,0.00003545
41.50867462,0.00003137
41.53251648,0.00002774
41.55635834,0.00002835
41.58020020,0.00003943
41.60404205,0.00005526
41.62788391,0.00007447
41.65172577,0.00006919
41.67556763,0.00005679
41.69940948,0.00006306
41.72325134,0.00006110
41.74709320,0.00006220
41.77093506,0.00004448
41.79477692,0.00004021
41.81861877,0.00005551
41.84246063,0.00006459
41.86630249,0.00004187
41.89014435,0.00002860
41.91398621,0.00004025
41.93782806,0.00001573
41.96166992,0.00001960
41.98551178,0.00002840
42.00935364,0.00004009
42.03319550,0.00002008
42.05703735,0.00003650
42.08087921,0.00003329
42.10472107,0.00003192
42.12856293,0.00001961
42.15240479,0.00003190
42.17624664,0.00006817
42.20008850,0.00008883
42.22393036,0.00006891
42.24777222,0.00004529
42.27161407,0.00005044
42.29545593,0.00007196
42.31929779,0.00010294
42.34313965,0.00007258
42.36698151,0.00001510
42.39082336,0.00001674
42.41466522,0.00000926
42.43850708,0.00004352
42.46234894,0.00004138
42.48619080,0.00001720
42.51003265,0.00003424
42.53387451,0.00003444
42.55771637,0.00004031
42.58155823,0.00002183
42.60540009,0.00005066
42.62924194,0.00006489
42.65308380,0.00004178
42.67692566,0.00007525
42.70076752,0.00007160
42.72460938,0.00004522
42.74845123,0.00003744
42.77229309,0.00005718
42.79613495,0.00004993
42.81997681,0.00001777
42.84381866,0.00001651
42.86766052,0.00002878
42.89150238,0.00004007
42.91534424,0.00008292
42.93918610,0.00008540
42.96302795,0.00010518
42.98686981,0.00010794
43.01071167,0.00005473
43.03455353,0.00002293
43.05839539,0.00004088
43.08223724,0.00006123
43.10607910,0.00005584
43.12992096,0.00001877
43.15376282,0.00003067
43.17760468,0.00004491
43.20144653,0.00003006
43.22528839,0.00005640
43.24913025,0.00005661
43.27297211,0.00007030
43.29681396,0.00006019
43.32065582,0.00000383
43.34449768,0.00004231
43.36833954,0.00004610
43.39218140,0.00002851
43.41602325,0.00004104
43.43986511,0.00007615
43.46370697,0.00006151
43.48754883,0.00004001
43.51139069,0.00001298
43.53523254,0.00003555
43.55907440,0.00002386
43.58291626,0.00000612
43.60675812,0.00000736
43.63059998,0.00007894
43.65444183,0.00011125
43.67828369,0.00004134
43.70212555,0.00009298
43.72596741,0.00008819
43.74980927,0.00003619
43.77365112,0.00002849
43.79749298,0.00003722
43.82133484,0.00005149
43.84517670,0.00006546
43.86901855,0.00007535
43.89286041,0.00007261
43.91670227,0.00008808
43.94054413,0.00009749
43.96438599,0.00004869
43.98822784,0.00001600
44.01206970,0.00003212
44.03591156,0.00000850
44.05975342,0.00001055
44.08359528,0.00000993
44.10743713,0.00002488
44.13127899,0.00003683
44.15512085,0.00001051
44.17896271,0.00001053
44.20280457,0.00003625
44.22664642,0.00005912
44.25048828,0.00006679
44.27433014,0.00008383
44.29817200,0.00006783
44.32201385,0.00002821
44.34585571,0.00002032
44.36969757,0.00002845
44.39353943,0.00004031
44.41738129,0.00005343
44.44122314,0.00007501
44.46506500,0.00007718
44.48890686,0.00008644
44.51274872,0.00012402
44.53659058,0.00013270
44.56043243,0.00006916
44.58427429,0.00004312
44.60811615,0.00009421
44.63195801,0.00053737
44.65579987,0.00091846
44.67964172,0.00057815
44.70348358,0.00016507
44.72732544,0.00009363
44.75116730,0.00003912
44.77500916,0.00002101
44.79885101,0.00005454
44.82269287,0.00003162
44.84653473,0.00002474
44.87037659,0.00003231
44.89421844,0.00004085
44.91806030,0.00007129
44.94190216,0.00008052
44.96574402,0.00007727
44.98958588,0.00002338
45.01342773,0.00004220
45.03726959,0.00004886
45.06111145,0.00002205
45.08495331,0.00004809
45.10879517,0.00006215
45.13263702,0.00006764
45.15647888,0.00005485
45.18032074,0.00007039
45.20416260,0.00008692
45.22800446,0.00001775
45.25184631,0.00008197
45.27568817,0.00009911
45.29953003,0.00004908
45.32337189,0.00002196
45.34721375,0.00005834
45.37105560,0.00003970
45.39489746,0.00002603
45.41873932,0.00005935
45.44258118,0.00005907
45.46642303,0.00007810
45.49026489,0.00007577
45.51410675,0.00004455
45.53794861,0.00002475
45.56179047,0.00000533
45.58563232,0.00005669
45.60947418,0.00078009
45.63331604,0.00419933
45.65715790,0.00675610
45.68099976,0.00391201
45.70484161,0.00062430
45.72868347,0.00001186
45.75252533,0.00001877
45.77636719,0.00001123
45.80020905,0.00000531
45.82405090,0.00001536
45.84789276,0.00004657
45.87173462,0.00008316
45.89557648,0.00008122
45.91941833,0.00006443
45.94326019,0.00005271
45.96710205,0.00007198
45.99094391,0.00011858
46.01478577,0.00008898
46.03862762,0.00002332
46.06246948,0.00003794
46.08631134,0.00005180
46.11015320,0.00005293
46.13399506,0.00005881
46.15783691,0.00002902
46.18167877,0.00002981
46.20552063,0.00004042
46.22936249,0.00005613
46.25320435,0.00005152
46.27704620,0.00003944
46.30088806,0.00004765
46.32472992,0.00005573
46.34857178,0.00005564
46.37241364,0.00005779
46.39625549,0.00006022
46.42009735,0.00003070
46.44393921,0.00001922
46.46778107,0.00002386
46.49162292,0.00001973
46.51546478,0.00003510
46.53930664,0.00006530
46.56314850,0.00007391
46.58699036,0.00004162
46.61083221,0.00389862
46.63467407,0.02096963
46.65851593,0.03198494
46.68235779,0.01723711
46.70619965,0.00230581
46.73004150,0.00004544
46.75388336,0.00003354
46.77772522,0.00003739
46.80156708,0.00004426
46.82540894,0.00003451
46.84925079,0.00002002
46.87309265,0.00002750
46.89693451,0.00005199
46.92077637,0.00003320
46.94461823,0.00005860
46.96846008,0.00038949
46.99230194,0.00088029
47.01614380,0.00070017
47.03998566,0.00015454
47.06382751,0.00002474
47.08766937,0.00005110
47.11151123,0.00008962
47.13535309,0.00007898
47.15919495,0.00004045
47.18303680,0.00005446
47.20687866,0.00007675
47.23072052,0.00006312
47.25456238,0.00005233
47.27840424,0.00006017
47.30224609,0.00006805
47.32608795,0.00004047
47.34992981,0.00002687
47.37377167,0.00005298
47.39761353,0.00005904
47.42145538,0.00006669
47.44529724,0.00007625
47.46913910,0.00002471
47.49298096,0.00001484
47.51682281,0.00010556
47.54066467,0.00007663
47.56450653,0.00007195
47.58834839,0.00006601
47.61219025,0.01040637
47.63603210,0.05089355
47.65987396,0.07307136
47.68371582,0.03700893
47.70755768,0.00450614
47.73139954,0.00009301
47.75524139,0.00003458
47.77908325,0.00006476
47.80292511,0.00005930
47.82676697,0.00003724
47.85060883,0.00008274
47.87445068,0.00004331
47.89829254,0.00002498
47.92213440,0.00003994
47.94597626,0.00031346
47.96981812,0.00289226
47.99365997,0.00643368
48.01750183,0.00505646
48.04134369,0.00125461
48.06518555,0.00009461
48.08902740,0.00002576
48.11286926,0.00008761
48.13671112,0.00010630
48.16055298,0.00007748
48.18439484,0.00007376
48.20823669,0.00004465
48.23207855,0.00003493
48.25592041,0.00005646
48.27976227,0.00006734
48.30360413,0.00008026
48.32744598,0.00005999
48.35128784,0.00005081
48.37512970,0.00003549
48.39897156,0.00000505
48.42281342,0.00005662
48.44665527,0.00005736
48.47049713,0.00002599
48.49433899,0.00003075
48.51818085,0.00001953
48.54202271,0.00003852
48.56586456,0.00002023
48.58970642,0.00000594
48.61354828,0.00513361
48.63739014,0.02318547
48.66123199,0.03143133
48.68507385,0.01496850
48.70891571,0.00164026
48.73275757,0.00003366
48.75659943,0.00004680
48.78044128,0.00003046
48.80428314,0.00001969
